1995	51.539997336174785
1996	50.13843532870105
1997	51.44022328132136
1998	51.86676074827715
1999	52.25095508181753
2000	53.021256743890696
2001	51.981835600689614
2002	52.51161844484637
2003	52.207324736532016
2004	51.79084399655254
2005	51.77056006385521
2006	52.119745179532615
2007	52.90528906141684
2008	52.48594328820629
2009	52.36746484755676
2010	50.53998198697511
2011	52.31573828470382
2012	51.44140801869579
2013	51.21466558032722
2014	52.76514442711818
2015	52.61556512698664
2016	52.009337911472635
2017	52.05164043942989
2018	52.85107337156311
2019	52.86375046142479
2020	45.20775146731439
